100
1.9960534568565431 0.12558103905862675
1.4708832151951754 0.1858157623424197
0.8601090356129132 0.16407457356353572
0.48429158056431554 0.1243449435824274
0.8408920447630785 0.27322238774908697
1.1774603003358415 0.4661895121503365
1.6893191551405053 0.7949332539767797
1.7526133600877272 0.9635073482034304
0.7789984630657398 0.4943674574187507
0.9907548622790897 0.7198255422738529
0.9543939072304377 0.7895433048587983
0.6248014863448075 0.5867276494054484
0.9030910346789829 0.9616942739001221
0.6733550980454428 0.8139464916266431
0.6887792355278006 0.9480232869764204
1.0716535899579935 1.68865585100403
0.9635073482034306 1.7526133600877272
0.8515585831301453 1.8096541049320392
0.7362491053693557 1.859552971776503
0.6180339887498946 1.9021130325903073
0.19075232080159082 0.742931238503285
0.09369065729286215 0.49114362536434436
0.06266661678215191 0.49605735065723894
0.041835694424514076 0.6649593211046901
-4.772633822759833e-16 0.7889935834919168
-0.07358888772458794 1.169661875948619
-0.2016240234937557 1.59601848733679
-0.374762629171451 1.964574501457377
-0.4755274933644312 1.852057307103817
-0.34739720865775714 1.0691786699466117
-0.514182780035144 1.298677458047271
-0.8515585831301471 1.8096541049320383
-0.2408768370508581 0.4381533400219315
-0.2884879376058985 0.4545842503092632
-0.29389262614623707 0.40450849718747334
-0.3187119948743454 0.3852566213878942
-0.34227355296434486 0.3644843137107053
-0.3644843137107063 0.3422735529643438
-0.5715983293303297 0.4728672622197164
-0.7748327481392775 0.5629489436144498
-0.42216396275100804 0.26791339748949755
-0.7056918742579217 0.387957390887926
-1.0283345794044427 0.48389752220315213
-1.2939900332783347 0.5123268972799851
-1.9021130325903084 0.6180339887498908
-1.1415873917473103 0.293109823746723
-0.6737407043733026 0.1285229130091292
-0.49605735065723905 0.06266661678215095
-0.6495186368078054 0.040864248909805674
-0.8938575904330873 -2.2722490826217192e-15
-0.4990133642141357 -0.031395259764658
-0.8744936660247012 -0.11047424128396142
-1.1184376314487061 -0.21335338874401327
-1.731678129980019 -0.4446193739820663
-1.172858182205362 -0.3810847242864488
-1.0067755856911007 -0.3986106529488407
-0.45241352623300907 -0.21288964578253775
-0.438153340021931 -0.24087683705085905
-0.753990126819179 -0.47849668463721406
-0.4045084971874727 -0.29389262614623796
-0.3852566213878935 -0.3187119948743462
-0.3694849614317724 -0.3469694737440022
-0.4558982496239731 -0.48548232604292757
-0.31871199487434343 -0.3852566213878958
-0.4090158418078049 -0.5629620098505643
-0.26791339748949705 -0.42216396275100837
-0.24087683705085647 -0.43815334002193246
-0.21288964578253528 -0.45241352623301023
-0.23309622115219344 -0.5887338505300924
-0.15450849718747295 -0.47552825814757704
-0.12434494358242679 -0.4842915805643157
-0.09369065729286188 -0.4911436253643444
-0.06266661678215187 -0.49605735065723894
-0.031395259764656604 -0.4990133642141358
-9.184850993605148e-17 -0.5
0.031395259764656416 -0.4990133642141358
0.06266661678215167 -0.496057350657239
0.14506765931079976 -0.7604713017895997
0.30471207368013414 -1.1867751717765713
0.15450849718747278 -0.4755282581475771
0.2976096509915271 -0.7516761744016378
0.5614089765314666 -1.1930548045108482
0.2915984324671067 -0.530415579575415
0.2679133974894969 -0.4221639627510084
0.29389262614623507 -0.40450849718747484
0.47656550476536835 -0.5760687366294762
0.6444864318892299 -0.6863083425188868
0.3644843137107041 -0.3422735529643461
0.38525662138789296 -0.31871199487434687
0.40450849718747206 -0.2938926261462388
0.6207169155733341 -0.3939189329349247
0.4821443765639655 -0.2650611140446268
0.5677447021791807 -0.2671603776930146
0.6983972546460939 -0.27651503438182873
1.0867738547399954 -0.3531142307559928
1.2225439289400348 -0.31389592958431417
0.5677713614449272 -0.10830817972315
0.4960573506572384 -0.06266661678215629
0.4990133642141355 -0.031395259764661065
0.7471140159173313 -6.8186956175709515e-15
